0 2
0.050000000000000003 4
0.10000000000000001 25
0.15000000000000002 56
0.20000000000000001 83
0.25 98
0.29999999999999999 99
0.34999999999999998 95
0.39999999999999997 99
0.44999999999999996 95
0.49999999999999994 99
0.54999999999999993 99
0.59999999999999998 95
0.65000000000000002 85
0.70000000000000007 99
0.75000000000000011 90
0.80000000000000016 99
0.8500000000000002 99
0.90000000000000024 99
0.95000000000000029 88
1.0000000000000002 99
1.0500000000000003 99
1.1000000000000003 91
1.1500000000000004 98
1.2000000000000004 97
1.2500000000000004 99
1.3000000000000005 99
1.3500000000000005 73
1.4000000000000006 74
1.4500000000000006 99
1.5000000000000007 93
1.5500000000000007 99
1.6000000000000008 96
1.6500000000000008 76
1.7000000000000008 99
1.7500000000000009 99
1.8000000000000009 99
1.850000000000001 85
1.900000000000001 98
1.9500000000000011 98
2.0000000000000009 71
2.0500000000000007 78
2.1000000000000005 96
2.1500000000000004 89
2.2000000000000002 99
2.25 81
2.2999999999999998 98
2.3499999999999996 85
2.3999999999999995 99
2.4499999999999993 99
2.4999999999999991 93
2.5499999999999989 79
2.5999999999999988 98
2.6499999999999986 99
2.6999999999999984 98
2.7499999999999982 99
2.799999999999998 73
2.8499999999999979 70
2.8999999999999977 99
2.9499999999999975 87
2.9999999999999973 96
3.0499999999999972 91
3.099999999999997 57
3.1499999999999968 74
3.1999999999999966 44
3.2499999999999964 67
3.2999999999999963 89
3.3499999999999961 97
3.3999999999999959 96
3.4499999999999957 81
3.4999999999999956 98
3.5499999999999954 99
3.5999999999999952 91
3.649999999999995 99
3.6999999999999948 92
3.7499999999999947 90
3.7999999999999945 68
3.8499999999999943 82
3.8999999999999941 98
3.949999999999994 99
3.9999999999999938 97
4.0499999999999936 95
4.0999999999999934 99
4.1499999999999932 99
4.1999999999999931 85
4.2499999999999929 70
4.2999999999999927 81
4.3499999999999925 86
4.3999999999999924 83
4.4499999999999922 50
4.499999999999992 70
4.5499999999999918 99
4.5999999999999917 97
4.6499999999999915 91
4.6999999999999913 62
4.7499999999999911 95
4.7999999999999909 89
4.8499999999999908 99
4.8999999999999906 99
4.9499999999999904 67
4.9999999999999902 62
5.0499999999999901 61
5.0999999999999899 68
5.1499999999999897 88
5.1999999999999895 99
5.2499999999999893 99
5.2999999999999892 75
5.349999999999989 73
5.3999999999999888 98
5.4499999999999886 65
5.4999999999999885 85
5.5499999999999883 99
5.5999999999999881 66
5.6499999999999879 83
5.6999999999999877 83
5.7499999999999876 67
5.7999999999999874 82
5.8499999999999872 81
5.899999999999987 84
5.9499999999999869 89
5.9999999999999867 99
6.0499999999999865 99
6.0999999999999863 99
6.1499999999999861 86
6.199999999999986 93
6.2499999999999858 91
6.2999999999999856 99
6.3499999999999854 83
6.3999999999999853 99
6.4499999999999851 92
6.4999999999999849 89
6.5499999999999847 87
6.5999999999999845 99
6.6499999999999844 99
6.6999999999999842 99
6.749999999999984 97
6.7999999999999838 78
6.8499999999999837 94
6.8999999999999835 94
6.9499999999999833 88
6.9999999999999831 99
7.0499999999999829 99
7.0999999999999828 89
7.1499999999999826 88
7.1999999999999824 93
7.2499999999999822 72
7.2999999999999821 59
7.3499999999999819 81
7.3999999999999817 93
7.4499999999999815 92
7.4999999999999813 87
7.5499999999999812 99
7.599999999999981 94
7.6499999999999808 99
7.6999999999999806 96
7.7499999999999805 89
7.7999999999999803 99
7.8499999999999801 99
7.8999999999999799 99
7.9499999999999797 85
7.9999999999999796 48
8.0499999999999794 83
8.0999999999999801 86
8.1499999999999808 99
8.1999999999999815 82
8.2499999999999822 85
8.2999999999999829 96
8.3499999999999837 81
8.3999999999999844 98
8.4499999999999851 78
8.4999999999999858 69
8.5499999999999865 70
8.5999999999999872 96
8.6499999999999879 89
8.6999999999999886 79
8.7499999999999893 52
8.7999999999999901 62
8.8499999999999908 88
8.8999999999999915 85
8.9499999999999922 88
8.9999999999999929 92
9.0499999999999936 99
9.0999999999999943 91
9.149999999999995 98
9.1999999999999957 74
9.2499999999999964 75
9.2999999999999972 40
9.3499999999999979 81
9.3999999999999986 79
9.4499999999999993 86
9.5 77
9.5500000000000007 93
9.6000000000000014 99
9.6500000000000021 86
9.7000000000000028 63
9.7500000000000036 61
9.8000000000000043 93
9.850000000000005 99
9.9000000000000057 76
9.9500000000000064 77
10.000000000000007 86
10.050000000000008 95
10.100000000000009 82
10.150000000000009 96
10.20000000000001 93
10.250000000000011 99
10.300000000000011 97
10.350000000000012 90
10.400000000000013 99
10.450000000000014 99
10.500000000000014 96
10.550000000000015 81
10.600000000000016 95
10.650000000000016 96
10.700000000000017 99
10.750000000000018 97
10.800000000000018 91
10.850000000000019 92
10.90000000000002 88
10.950000000000021 47
11.000000000000021 55
11.050000000000022 66
11.100000000000023 29
11.150000000000023 54
11.200000000000024 67
11.250000000000025 92
11.300000000000026 94
11.350000000000026 97
11.400000000000027 98
11.450000000000028 81
11.500000000000028 96
11.550000000000029 99
11.60000000000003 81
11.650000000000031 99
11.700000000000031 99
11.750000000000032 73
11.800000000000033 95
11.850000000000033 95
11.900000000000034 98
11.950000000000035 88
12.000000000000036 72
12.050000000000036 90
12.100000000000037 57
12.150000000000038 69
12.200000000000038 55
12.250000000000039 55
12.30000000000004 69
12.350000000000041 60
12.400000000000041 77
12.450000000000042 76
12.500000000000043 54
12.550000000000043 58
12.600000000000044 51
12.650000000000045 61
12.700000000000045 81
12.750000000000046 95
12.800000000000047 90
12.850000000000048 95
12.900000000000048 94
12.950000000000049 84
13.00000000000005 75
13.05000000000005 77
13.100000000000051 75
13.150000000000052 82
13.200000000000053 84
13.250000000000053 64
13.300000000000054 57
13.350000000000055 63
13.400000000000055 57
13.450000000000056 54
13.500000000000057 78
13.550000000000058 99
13.600000000000058 81
13.650000000000059 54
13.70000000000006 79
13.75000000000006 99
13.800000000000061 87
13.850000000000062 99
13.900000000000063 78
13.950000000000063 55
14.000000000000064 41
14.050000000000065 65
14.100000000000065 44
14.150000000000066 61
14.200000000000067 67
14.250000000000068 71
14.300000000000068 83
14.350000000000069 60
14.40000000000007 41
14.45000000000007 71
14.500000000000071 68
14.550000000000072 99
14.600000000000072 80
14.650000000000073 98
14.700000000000074 95
14.750000000000075 99
14.800000000000075 94
14.850000000000076 99
14.900000000000077 79
14.950000000000077 99
15.000000000000078 99
15.050000000000079 99
15.10000000000008 85
15.15000000000008 86
15.200000000000081 68
15.250000000000082 92
15.300000000000082 89
15.350000000000083 97
15.400000000000084 71
15.450000000000085 96
15.500000000000085 96
15.550000000000086 99
15.600000000000087 77
15.650000000000087 86
15.700000000000088 68
15.750000000000089 92
15.80000000000009 98
15.85000000000009 93
15.900000000000091 55
15.950000000000092 53
16.000000000000092 70
16.050000000000093 99
16.100000000000094 76
16.150000000000095 99
16.200000000000095 75
16.250000000000096 87
16.300000000000097 99
16.350000000000097 94
16.400000000000098 99
16.450000000000099 74
16.500000000000099 78
16.5500000000001 34
16.600000000000101 23
16.650000000000102 25
16.700000000000102 27
16.750000000000103 24
16.800000000000104 60
16.850000000000104 59
16.900000000000105 60
16.950000000000106 75
17.000000000000107 88
17.050000000000107 80
17.100000000000108 75
17.150000000000109 89
17.200000000000109 99
17.25000000000011 96
17.300000000000111 97
17.350000000000112 75
17.400000000000112 87
17.450000000000113 70
17.500000000000114 96
17.550000000000114 98
17.600000000000115 84
17.650000000000116 99
17.700000000000117 87
17.750000000000117 99
17.800000000000118 99
17.850000000000119 93
17.900000000000119 99
17.95000000000012 89
18.000000000000121 99
18.050000000000122 98
18.100000000000122 87
18.150000000000123 57
18.200000000000124 42
18.250000000000124 47
18.300000000000125 86
18.350000000000126 84
18.400000000000126 92
18.450000000000127 94
18.500000000000128 99
18.550000000000129 99
18.600000000000129 84
18.65000000000013 79
18.700000000000131 91
18.750000000000131 85
18.800000000000132 91
18.850000000000133 75
18.900000000000134 56
18.950000000000134 63
19.000000000000135 87
19.050000000000136 87
19.100000000000136 71
19.150000000000137 74
19.200000000000138 51
19.250000000000139 74
19.300000000000139 99
19.35000000000014 80
19.400000000000141 70
19.450000000000141 99
19.500000000000142 99
19.550000000000143 92
19.600000000000144 83
19.650000000000144 72
19.700000000000145 86
19.750000000000146 88
19.800000000000146 76
19.850000000000147 68
19.900000000000148 77
19.950000000000149 80
