0 2
0.050000000000000003 4
0.060000000000000005 6
0.070000000000000007 14
0.080000000000000002 19
0.089999999999999997 22
0.099999999999999992 24
0.10999999999999999 28
0.11999999999999998 36
0.12999999999999998 41
0.13999999999999999 45
0.14999999999999999 55
0.16 61
0.17000000000000001 66
0.18000000000000002 71
0.19000000000000003 80
0.20000000000000004 83
0.21000000000000005 88
0.22000000000000006 92
0.23000000000000007 89
0.24000000000000007 92
0.25000000000000006 98
0.26000000000000006 99
0.27000000000000007 99
0.28000000000000008 99
0.29000000000000009 99
0.3000000000000001 99
0.31000000000000011 99
0.32000000000000012 96
0.33000000000000013 93
0.34000000000000014 88
0.35000000000000014 95
0.36000000000000015 99
0.37000000000000016 99
0.38000000000000017 99
0.39000000000000018 99
0.40000000000000019 99
0.4100000000000002 98
0.42000000000000021 99
0.43000000000000022 99
0.44000000000000022 97
0.45000000000000023 95
0.46000000000000024 91
0.47000000000000025 99
0.48000000000000026 99
0.49000000000000027 99
0.50000000000000022 99
0.51000000000000023 98
0.52000000000000024 95
0.53000000000000025 93
0.54000000000000026 89
0.55000000000000027 99
0.56000000000000028 99
0.57000000000000028 97
0.58000000000000029 92
0.5900000000000003 87
0.60000000000000031 95
0.61000000000000032 99
0.62000000000000033 99
0.63000000000000034 99
0.64000000000000035 97
0.65000000000000036 85
0.66000000000000036 92
0.67000000000000037 99
0.68000000000000038 99
0.69000000000000039 99
0.7000000000000004 99
0.71000000000000041 99
0.72000000000000042 99
0.73000000000000043 98
0.74000000000000044 93
0.75000000000000044 90
0.76000000000000045 89
0.77000000000000046 91
0.78000000000000047 96
0.79000000000000048 99
0.80000000000000049 99
0.8100000000000005 96
0.82000000000000051 95
0.83000000000000052 99
0.84000000000000052 99
0.85000000000000053 99
0.86000000000000054 99
0.87000000000000055 99
0.88000000000000056 99
0.89000000000000057 99
0.90000000000000058 99
0.91000000000000059 99
0.9200000000000006 96
0.9300000000000006 84
0.94000000000000061 80
0.95000000000000062 88
0.96000000000000063 95
0.97000000000000064 96
0.98000000000000065 99
0.99000000000000066 99
1.0000000000000007 99
1.0100000000000007 99
1.0200000000000007 99
1.0300000000000007 99
1.0400000000000007 99
1.0500000000000007 99
1.0600000000000007 99
1.0700000000000007 98
1.0800000000000007 99
1.0900000000000007 99
1.1000000000000008 91
1.1100000000000008 82
1.1200000000000008 78
1.1300000000000008 84
1.1400000000000008 89
1.1500000000000008 98
1.1600000000000008 99
1.1700000000000008 99
1.1800000000000008 99
1.1900000000000008 99
1.2000000000000008 97
1.2100000000000009 94
1.2200000000000009 90
1.2300000000000009 92
1.2400000000000009 99
1.2500000000000009 99
1.2600000000000009 95
1.2700000000000009 93
1.2800000000000009 99
1.2900000000000009 99
1.3000000000000009 99
1.3100000000000009 99
1.320000000000001 94
1.330000000000001 91
1.340000000000001 84
1.350000000000001 73
1.360000000000001 69
1.370000000000001 66
1.380000000000001 60
1.390000000000001 65
1.400000000000001 74
1.410000000000001 83
1.420000000000001 88
1.430000000000001 88
1.4400000000000011 97
1.4500000000000011 99
1.4600000000000011 89
1.4700000000000011 86
1.4800000000000011 84
1.4900000000000011 83
1.5000000000000011 93
1.5100000000000011 99
1.5200000000000011 99
1.5300000000000011 99
1.5400000000000011 98
1.5500000000000012 99
1.5600000000000012 99
1.5700000000000012 99
1.5800000000000012 99
1.5900000000000012 99
1.6000000000000012 96
1.6100000000000012 92
1.6200000000000012 87
1.6300000000000012 81
1.6400000000000012 78
1.6500000000000012 76
1.6600000000000013 70
1.6700000000000013 76
1.6800000000000013 85
1.6900000000000013 92
1.7000000000000013 99
1.7100000000000013 99
1.7200000000000013 99
1.7300000000000013 99
1.7400000000000013 99
1.7500000000000013 99
1.7600000000000013 99
1.7700000000000014 99
1.7800000000000014 99
1.7900000000000014 99
1.8000000000000014 99
1.8100000000000014 98
1.8200000000000014 95
1.8300000000000014 92
1.8400000000000014 86
1.8500000000000014 85
1.8600000000000014 89
1.8700000000000014 98
1.8800000000000014 99
1.8900000000000015 99
1.9000000000000015 98
1.9100000000000015 99
1.9200000000000015 99
1.9300000000000015 99
1.9400000000000015 99
1.9500000000000015 98
1.9600000000000015 90
1.9700000000000015 83
1.9800000000000015 79
1.9900000000000015 76
2.0000000000000013 71
2.0100000000000011 63
2.0200000000000009 63
2.0300000000000007 64
2.0400000000000005 69
2.0500000000000003 78
2.0600000000000001 87
2.0699999999999998 90
2.0799999999999996 98
2.0899999999999994 99
2.0999999999999992 96
2.109999999999999 92
2.1199999999999988 92
2.1299999999999986 95
2.1399999999999983 94
2.1499999999999981 89
2.1599999999999979 95
2.1699999999999977 95
2.1799999999999975 99
2.1899999999999973 99
2.1999999999999971 99
2.2099999999999969 95
2.2199999999999966 93
2.2299999999999964 90
2.2399999999999962 86
2.249999999999996 81
2.2599999999999958 76
2.2699999999999956 82
2.2799999999999954 86
2.2899999999999952 91
2.2999999999999949 98
2.3099999999999947 99
2.3199999999999945 99
2.3299999999999943 99
2.3399999999999941 97
2.3499999999999939 85
2.3599999999999937 87
2.3699999999999934 96
2.3799999999999932 99
2.389999999999993 99
2.3999999999999928 99
2.4099999999999926 97
2.4199999999999924 93
2.4299999999999922 90
2.439999999999992 92
2.4499999999999917 99
2.4599999999999915 99
2.4699999999999913 99
2.4799999999999911 99
2.4899999999999909 98
2.4999999999999907 93
2.5099999999999905 90
2.5199999999999902 86
2.52999999999999 82
2.5399999999999898 78
2.5499999999999896 79
2.5599999999999894 83
2.5699999999999892 85
2.579999999999989 91
2.5899999999999888 99
2.5999999999999885 98
2.6099999999999883 92
2.6199999999999881 98
2.6299999999999879 99
2.6399999999999877 99
2.6499999999999875 99
2.6599999999999873 98
2.6699999999999871 99
2.6799999999999868 99
2.6899999999999866 99
2.6999999999999864 98
2.7099999999999862 95
2.719999999999986 90
2.7299999999999858 95
2.7399999999999856 99
2.7499999999999853 99
2.7599999999999851 99
2.7699999999999849 97
2.7799999999999847 85
2.7899999999999845 80
2.7999999999999843 73
2.8099999999999841 69
2.8199999999999839 66
2.8299999999999836 59
2.8399999999999834 61
2.8499999999999832 70
2.859999999999983 76
2.8699999999999828 85
2.8799999999999826 93
2.8899999999999824 98
2.8999999999999821 99
2.9099999999999819 99
2.9199999999999817 99
2.9299999999999815 98
2.9399999999999813 90
2.9499999999999811 87
2.9599999999999809 91
2.9699999999999807 96
2.9799999999999804 94
2.9899999999999802 88
2.99999999999998 96
3.0099999999999798 99
3.0199999999999796 99
3.0299999999999794 99
3.0399999999999792 99
3.049999999999979 91
3.0599999999999787 88
3.0699999999999785 80
3.0799999999999783 70
3.0899999999999781 65
3.0999999999999779 57
3.1099999999999777 57
3.1199999999999775 58
3.1299999999999772 61
3.139999999999977 65
3.1499999999999768 74
3.1599999999999766 67
3.1699999999999764 55
3.1799999999999762 45
3.189999999999976 41
3.1999999999999758 44
3.2099999999999755 49
3.2199999999999753 53
3.2299999999999751 60
3.2399999999999749 61
3.2499999999999747 67
3.2599999999999745 76
3.2699999999999743 85
3.279999999999974 94
3.2899999999999738 93
3.2999999999999736 89
3.3099999999999734 87
3.3199999999999732 88
3.329999999999973 98
3.3399999999999728 99
3.3499999999999726 97
3.3599999999999723 99
3.3699999999999721 99
3.3799999999999719 99
3.3899999999999717 99
3.3999999999999715 96
3.4099999999999713 89
3.4199999999999711 86
3.4299999999999708 75
3.4399999999999706 73
3.4499999999999704 81
3.4599999999999702 88
3.46999999999997 94
3.4799999999999698 99
3.4899999999999696 99
3.4999999999999694 98
3.5099999999999691 99
3.5199999999999689 99
3.5299999999999687 99
3.5399999999999685 99
3.5499999999999683 99
3.5599999999999681 99
3.5699999999999679 97
3.5799999999999677 94
3.5899999999999674 90
3.5999999999999672 91
3.609999999999967 99
3.6199999999999668 99
3.6299999999999666 99
3.6399999999999664 99
3.6499999999999662 99
3.6599999999999659 99
3.6699999999999657 99
3.6799999999999655 99
3.6899999999999653 99
3.6999999999999651 92
3.7099999999999649 83
3.7199999999999647 75
3.7299999999999645 80
3.7399999999999642 88
3.749999999999964 90
3.7599999999999638 90
3.7699999999999636 90
3.7799999999999634 85
3.7899999999999632 74
3.799999999999963 68
3.8099999999999627 65
3.8199999999999625 63
3.8299999999999623 64
3.8399999999999621 73
3.8499999999999619 82
3.8599999999999617 87
3.8699999999999615 91
3.8799999999999613 96
3.889999999999961 99
3.8999999999999608 98
3.9099999999999606 99
3.9199999999999604 99
3.9299999999999602 99
3.93999999999996 99
3.9499999999999598 99
3.9599999999999596 99
3.9699999999999593 99
3.9799999999999591 93
3.9899999999999589 89
3.9999999999999587 97
4.0099999999999589 99
4.0199999999999587 99
4.0299999999999585 99
4.0399999999999583 99
4.0499999999999581 95
4.0599999999999579 92
4.0699999999999577 91
4.0799999999999574 99
4.0899999999999572 99
4.099999999999957 99
4.1099999999999568 99
4.1199999999999566 99
4.1299999999999564 99
4.1399999999999562 99
4.1499999999999559 99
4.1599999999999557 99
4.1699999999999555 97
4.1799999999999553 94
4.1899999999999551 91
4.1999999999999549 85
4.2099999999999547 83
4.2199999999999545 80
4.2299999999999542 76
4.239999999999954 72
4.2499999999999538 70
4.2599999999999536 67
4.2699999999999534 62
4.2799999999999532 63
4.289999999999953 72
4.2999999999999527 81
4.3099999999999525 90
4.3199999999999523 94
4.3299999999999521 95
4.3399999999999519 92
4.3499999999999517 86
4.3599999999999515 79
4.3699999999999513 81
4.379999999999951 84
4.3899999999999508 87
4.3999999999999506 83
4.4099999999999504 72
4.4199999999999502 67
4.42999999999995 58
4.4399999999999498 53
4.4499999999999496 50
4.4599999999999493 49
4.4699999999999491 57
4.4799999999999489 61
4.4899999999999487 69
4.4999999999999485 70
4.5099999999999483 77
4.5199999999999481 86
4.5299999999999478 91
4.5399999999999476 98
4.5499999999999474 99
4.5599999999999472 95
4.569999999999947 87
4.5799999999999468 83
4.5899999999999466 87
4.5999999999999464 97
4.6099999999999461 98
4.6199999999999459 99
4.6299999999999457 98
4.6399999999999455 94
4.6499999999999453 91
4.6599999999999451 85
4.6699999999999449 78
4.6799999999999446 72
4.6899999999999444 67
4.6999999999999442 62
4.709999999999944 65
4.7199999999999438 74
4.7299999999999436 82
4.7399999999999434 87
4.7499999999999432 95
4.7599999999999429 94
4.7699999999999427 86
4.7799999999999425 86
4.7899999999999423 91
4.7999999999999421 89
4.8099999999999419 89
4.8199999999999417 91
4.8299999999999415 99
4.8399999999999412 95
4.849999999999941 99
4.8599999999999408 99
4.8699999999999406 99
4.8799999999999404 99
4.8899999999999402 99
4.89999999999994 99
4.9099999999999397 99
4.9199999999999395 93
4.9299999999999393 82
4.9399999999999391 79
4.9499999999999389 67
4.9599999999999387 63
4.9699999999999385 52
4.9799999999999383 50
4.989999999999938 58
4.9999999999999378 62
5.0099999999999376 66
5.0199999999999374 71
5.0299999999999372 62
5.039999999999937 56
5.0499999999999368 61
5.0599999999999365 66
5.0699999999999363 72
5.0799999999999361 80
5.0899999999999359 80
5.0999999999999357 68
5.1099999999999355 66
5.1199999999999353 70
5.1299999999999351 79
5.1399999999999348 88
5.1499999999999346 88
5.1599999999999344 91
5.1699999999999342 98
5.179999999999934 99
5.1899999999999338 99
5.1999999999999336 99
5.2099999999999334 99
5.2199999999999331 99
5.2299999999999329 99
5.2399999999999327 99
5.2499999999999325 99
5.2599999999999323 97
5.2699999999999321 93
5.2799999999999319 87
5.2899999999999316 82
5.2999999999999314 75
5.3099999999999312 74
5.319999999999931 74
5.3299999999999308 78
5.3399999999999306 80
5.3499999999999304 73
5.3599999999999302 81
5.3699999999999299 86
5.3799999999999297 94
5.3899999999999295 99
5.3999999999999293 98
5.4099999999999291 88
5.4199999999999289 77
5.4299999999999287 66
5.4399999999999284 64
5.4499999999999282 65
5.459999999999928 65
5.4699999999999278 66
5.4799999999999276 75
5.4899999999999274 77
5.4999999999999272 85
5.509999999999927 93
5.5199999999999267 93
5.5299999999999265 99
5.5399999999999263 99
5.5499999999999261 99
5.5599999999999259 99
5.5699999999999257 96
5.5799999999999255 87
5.5899999999999253 75
5.599999999999925 66
5.6099999999999248 75
5.6199999999999246 80
5.6299999999999244 75
5.6399999999999242 74
5.649999999999924 83
5.6599999999999238 82
5.6699999999999235 86
5.6799999999999233 93
5.6899999999999231 92
5.6999999999999229 83
5.7099999999999227 73
5.7199999999999225 61
5.7299999999999223 56
5.7399999999999221 65
5.7499999999999218 67
5.7599999999999216 73
5.7699999999999214 76
5.7799999999999212 79
5.789999999999921 79
5.7999999999999208 82
5.8099999999999206 91
5.8199999999999203 98
5.8299999999999201 97
5.8399999999999199 92
5.8499999999999197 81
5.8599999999999195 76
5.8699999999999193 69
5.8799999999999191 77
5.8899999999999189 82
5.8999999999999186 84
5.9099999999999184 92
5.9199999999999182 99
5.929999999999918 95
5.9399999999999178 94
5.9499999999999176 89
5.9599999999999174 81
5.9699999999999172 86
5.9799999999999169 91
5.9899999999999167 98
5.9999999999999165 99
6.0099999999999163 99
6.0199999999999161 99
6.0299999999999159 99
6.0399999999999157 99
6.0499999999999154 99
6.0599999999999152 96
6.069999999999915 93
6.0799999999999148 98
6.0899999999999146 99
6.0999999999999144 99
6.1099999999999142 99
6.119999999999914 99
6.1299999999999137 92
6.1399999999999135 89
6.1499999999999133 86
6.1599999999999131 82
6.1699999999999129 87
6.1799999999999127 95
6.1899999999999125 95
6.1999999999999122 93
6.209999999999912 99
6.2199999999999118 99
6.2299999999999116 97
6.2399999999999114 94
6.2499999999999112 91
6.259999999999911 93
6.2699999999999108 99
6.2799999999999105 99
6.2899999999999103 99
6.2999999999999101 99
6.3099999999999099 99
6.3199999999999097 99
6.3299999999999095 99
6.3399999999999093 92
6.3499999999999091 83
6.3599999999999088 78
6.3699999999999086 89
6.3799999999999084 96
6.3899999999999082 99
6.399999999999908 99
6.4099999999999078 93
6.4199999999999076 82
6.4299999999999073 79
6.4399999999999071 84
6.4499999999999069 92
6.4599999999999067 99
6.4699999999999065 99
6.4799999999999063 99
6.4899999999999061 97
6.4999999999999059 89
6.5099999999999056 86
6.5199999999999054 90
6.5299999999999052 98
6.539999999999905 96
6.5499999999999048 87
6.5599999999999046 96
6.5699999999999044 99
6.5799999999999041 99
6.5899999999999039 99
6.5999999999999037 99
6.6099999999999035 99
6.6199999999999033 99
6.6299999999999031 99
6.6399999999999029 99
6.6499999999999027 99
6.6599999999999024 99
6.6699999999999022 99
6.679999999999902 99
6.6899999999999018 99
6.6999999999999016 99
6.7099999999999014 93
6.7199999999999012 89
6.729999999999901 86
6.7399999999999007 93
6.7499999999999005 97
6.7599999999999003 97
6.7699999999999001 99
6.7799999999998999 98
6.7899999999998997 86
6.7999999999998995 78
6.8099999999998992 83
6.819999999999899 92
6.8299999999998988 91
6.8399999999998986 89
6.8499999999998984 94
6.8599999999998982 99
6.869999999999898 99
6.8799999999998978 99
6.8899999999998975 96
6.8999999999998973 94
6.9099999999998971 90
6.9199999999998969 88
6.9299999999998967 82
6.9399999999998965 80
6.9499999999998963 88
6.959999999999896 96
6.9699999999998958 99
6.9799999999998956 99
6.9899999999998954 99
6.9999999999998952 99
7.009999999999895 98
7.0199999999998948 94
7.0299999999998946 99
7.0399999999998943 99
7.0499999999998941 99
7.0599999999998939 99
7.0699999999998937 99
7.0799999999998935 89
7.0899999999998933 80
7.0999999999998931 89
7.1099999999998929 96
7.1199999999998926 97
7.1299999999998924 99
7.1399999999998922 98
7.149999999999892 88
7.1599999999998918 91
7.1699999999998916 99
7.1799999999998914 99
7.1899999999998911 95
7.1999999999998909 93
7.2099999999998907 99
7.2199999999998905 97
7.2299999999998903 85
7.2399999999998901 75
7.2499999999998899 72
7.2599999999998897 67
7.2699999999998894 58
7.2799999999998892 52
7.289999999999889 51
7.2999999999998888 59
7.3099999999998886 66
7.3199999999998884 68
7.3299999999998882 73
7.3399999999998879 77
7.3499999999998877 81
7.3599999999998875 83
7.3699999999998873 86
7.3799999999998871 97
7.3899999999998869 96
7.3999999999998867 93
7.4099999999998865 87
7.4199999999998862 88
7.429999999999886 96
7.4399999999998858 98
7.4499999999998856 92
7.4599999999998854 87
7.4699999999998852 83
7.479999999999885 79
7.4899999999998847 80
7.4999999999998845 87
7.5099999999998843 95
7.5199999999998841 99
7.5299999999998839 99
7.5399999999998837 99
7.5499999999998835 99
7.5599999999998833 99
7.569999999999883 99
7.5799999999998828 99
7.5899999999998826 98
7.5999999999998824 94
7.6099999999998822 85
7.619999999999882 80
7.6299999999998818 92
7.6399999999998816 99
7.6499999999998813 99
7.6599999999998811 99
7.6699999999998809 97
7.6799999999998807 94
7.6899999999998805 91
7.6999999999998803 96
7.7099999999998801 99
7.7199999999998798 97
7.7299999999998796 95
7.7399999999998794 92
7.7499999999998792 89
7.759999999999879 84
7.7699999999998788 85
7.7799999999998786 93
7.7899999999998784 95
7.7999999999998781 99
7.8099999999998779 99
7.8199999999998777 99
7.8299999999998775 99
7.8399999999998773 99
7.8499999999998771 99
7.8599999999998769 99
7.8699999999998766 99
7.8799999999998764 99
7.8899999999998762 99
7.899999999999876 99
7.9099999999998758 99
7.9199999999998756 99
7.9299999999998754 99
7.9399999999998752 95
7.9499999999998749 85
7.9599999999998747 79
7.9699999999998745 69
7.9799999999998743 63
7.9899999999998741 59
7.9999999999998739 48
8.0099999999998737 57
8.0199999999998735 65
8.0299999999998732 73
8.039999999999873 76
8.0499999999998728 83
8.0599999999998726 79
8.0699999999998724 79
8.0799999999998722 77
8.089999999999872 81
8.0999999999998717 86
8.1099999999998715 92
8.1199999999998713 96
8.1299999999998711 98
8.1399999999998709 98
8.1499999999998707 99
8.1599999999998705 99
8.1699999999998703 99
8.17999999999987 98
8.1899999999998698 89
8.1999999999998696 82
8.2099999999998694 79
8.2199999999998692 76
8.229999999999869 72
8.2399999999998688 76
8.2499999999998685 85
8.2599999999998683 92
8.2699999999998681 99
8.2799999999998679 99
8.2899999999998677 94
8.2999999999998675 96
8.3099999999998673 99
8.3199999999998671 99
8.3299999999998668 94
8.3399999999998666 86
8.3499999999998664 81
8.3599999999998662 82
8.369999999999866 90
8.3799999999998658 95
8.3899999999998656 98
8.3999999999998654 98
8.4099999999998651 97
8.4199999999998649 92
8.4299999999998647 85
8.4399999999998645 79
8.4499999999998643 78
8.4599999999998641 80
8.4699999999998639 89
8.4799999999998636 85
8.4899999999998634 78
8.4999999999998632 69
8.509999999999863 73
8.5199999999998628 83
8.5299999999998626 83
8.5399999999998624 76
8.5499999999998622 70
8.5599999999998619 65
8.5699999999998617 69
8.5799999999998615 78
8.5899999999998613 87
8.5999999999998611 96
8.6099999999998609 98
8.6199999999998607 91
8.6299999999998604 89
8.6399999999998602 83
8.64999999999986 89
8.6599999999998598 90
8.6699999999998596 84
8.6799999999998594 80
8.6899999999998592 73
8.699999999999859 79
8.7099999999998587 83
8.7199999999998585 79
8.7299999999998583 69
8.7399999999998581 63
8.7499999999998579 52
8.7599999999998577 42
8.7699999999998575 50
8.7799999999998573 58
8.789999999999857 62
8.7999999999998568 62
8.8099999999998566 61
8.8199999999998564 68
8.8299999999998562 77
8.839999999999856 85
8.8499999999998558 88
8.8599999999998555 93
8.8699999999998553 89
8.8799999999998551 83
8.8899999999998549 83
8.8999999999998547 85
8.9099999999998545 79
8.9199999999998543 79
8.9299999999998541 88
8.9399999999998538 89
8.9499999999998536 88
8.9599999999998534 83
8.9699999999998532 79
8.979999999999853 76
8.9899999999998528 87
8.9999999999998526 92
9.0099999999998523 98
9.0199999999998521 99
9.0299999999998519 99
9.0399999999998517 99
9.0499999999998515 99
9.0599999999998513 99
9.0699999999998511 99
9.0799999999998509 98
9.0899999999998506 92
9.0999999999998504 91
9.1099999999998502 99
9.11999999999985 99
9.1299999999998498 99
9.1399999999998496 99
9.1499999999998494 98
9.1599999999998492 92
9.1699999999998489 86
9.1799999999998487 78
9.1899999999998485 74
9.1999999999998483 74
9.2099999999998481 76
9.2199999999998479 80
9.2299999999998477 80
9.2399999999998474 80
9.2499999999998472 75
9.259999999999847 69
9.2699999999998468 63
9.2799999999998466 52
9.2899999999998464 48
9.2999999999998462 40
9.309999999999846 49
9.3199999999998457 58
9.3299999999998455 66
9.3399999999998453 75
9.3499999999998451 81
9.3599999999998449 78
9.3699999999998447 76
9.3799999999998445 85
9.3899999999998442 87
9.399999999999844 79
9.4099999999998438 87
9.4199999999998436 95
9.4299999999998434 97
9.4399999999998432 93
9.449999999999843 86
9.4599999999998428 79
9.4699999999998425 77
9.4799999999998423 72
9.4899999999998421 68
9.4999999999998419 77
9.5099999999998417 86
9.5199999999998415 93
9.5299999999998413 99
9.5399999999998411 99
9.5499999999998408 93
9.5599999999998406 84
9.5699999999998404 90
9.5799999999998402 99
9.58999999999984 99
9.5999999999998398 99
9.6099999999998396 99
9.6199999999998393 92
9.6299999999998391 83
9.6399999999998389 85
9.6499999999998387 86
9.6599999999998385 87
9.6699999999998383 80
9.6799999999998381 76
9.6899999999998379 69
9.6999999999998376 63
9.7099999999998374 56
9.7199999999998372 51
9.729999999999837 54
9.7399999999998368 57
9.7499999999998366 61
9.7599999999998364 67
9.7699999999998361 75
9.7799999999998359 84
9.7899999999998357 92
9.7999999999998355 93
9.8099999999998353 97
9.8199999999998351 99
9.8299999999998349 98
9.8399999999998347 99
9.8499999999998344 99
9.8599999999998342 99
9.869999999999834 99
9.8799999999998338 93
9.8899999999998336 83
9.8999999999998334 76
9.9099999999998332 84
9.919999999999833 91
9.9299999999998327 90
9.9399999999998325 82
9.9499999999998323 77
9.9599999999998321 73
9.9699999999998319 72
9.9799999999998317 74
9.9899999999998315 81
9.9999999999998312 86
10.009999999999831 84
10.019999999999831 90
10.029999999999831 94
10.03999999999983 95
10.04999999999983 95
10.05999999999983 99
10.06999999999983 99
10.07999999999983 92
10.089999999999829 86
10.099999999999829 82
10.109999999999829 85
10.119999999999829 86
10.129999999999828 85
10.139999999999828 90
10.149999999999828 96
10.159999999999828 93
10.169999999999828 90
10.179999999999827 87
10.189999999999827 86
10.199999999999827 93
10.209999999999827 98
10.219999999999827 96
10.229999999999826 96
10.239999999999826 99
10.249999999999826 99
10.259999999999826 96
10.269999999999825 94
10.279999999999825 99
10.289999999999825 99
10.299999999999825 97
10.309999999999825 92
10.319999999999824 97
10.329999999999824 99
10.339999999999824 98
10.349999999999824 90
10.359999999999824 85
10.369999999999823 94
10.379999999999823 99
10.389999999999823 99
10.399999999999823 99
10.409999999999823 96
10.419999999999822 89
10.429999999999822 87
10.439999999999822 90
10.449999999999822 99
10.459999999999821 99
10.469999999999821 95
10.479999999999821 99
10.489999999999821 99
10.499999999999821 96
10.50999999999982 85
10.51999999999982 80
10.52999999999982 77
10.53999999999982 76
10.54999999999982 81
10.559999999999819 87
10.569999999999819 84
10.579999999999819 93
10.589999999999819 99
10.599999999999818 95
10.609999999999818 93
10.619999999999818 93
10.629999999999818 93
10.639999999999818 93
10.649999999999817 96
10.659999999999817 99
10.669999999999817 97
10.679999999999817 96
10.689999999999817 99
10.699999999999816 99
10.709999999999816 90
10.719999999999816 81
10.729999999999816 89
10.739999999999815 96
10.749999999999815 97
10.759999999999815 87
10.769999999999815 78
10.779999999999815 74
10.789999999999814 82
10.799999999999814 91
10.809999999999814 93
10.819999999999814 90
10.829999999999814 98
10.839999999999813 98
10.849999999999813 92
10.859999999999813 95
10.869999999999813 98
10.879999999999812 99
10.889999999999812 93
10.899999999999812 88
10.909999999999812 77
10.919999999999812 67
10.929999999999811 60
10.939999999999811 55
10.949999999999811 47
10.959999999999811 41
10.969999999999811 39
10.97999999999981 38
10.98999999999981 46
10.99999999999981 55
11.00999999999981 63
11.01999999999981 71
11.029999999999809 75
11.039999999999809 67
11.049999999999809 66
11.059999999999809 60
11.069999999999808 55
11.079999999999808 45
11.089999999999808 34
11.099999999999808 29
11.109999999999808 38
11.119999999999807 40
11.129999999999807 40
11.139999999999807 47
11.149999999999807 54
11.159999999999807 50
11.169999999999806 53
11.179999999999806 62
11.189999999999806 70
11.199999999999806 67
11.209999999999805 60
11.219999999999805 67
11.229999999999805 78
11.239999999999805 85
11.249999999999805 92
11.259999999999804 99
11.269999999999804 96
11.279999999999804 92
11.289999999999804 94
11.299999999999804 94
11.309999999999803 94
11.319999999999803 87
11.329999999999803 88
11.339999999999803 97
11.349999999999802 97
11.359999999999802 88
11.369999999999802 81
11.379999999999802 85
11.389999999999802 92
11.399999999999801 98
11.409999999999801 99
11.419999999999801 99
11.429999999999801 92
11.439999999999801 85
11.4499999999998 81
11.4599999999998 76
11.4699999999998 78
11.4799999999998 81
11.489999999999799 88
11.499999999999799 96
11.509999999999799 95
11.519999999999799 99
11.529999999999799 99
11.539999999999798 99
11.549999999999798 99
11.559999999999798 93
11.569999999999798 87
11.579999999999798 84
11.589999999999797 80
11.599999999999797 81
11.609999999999797 90
11.619999999999797 95
11.629999999999797 92
11.639999999999796 95
11.649999999999796 99
11.659999999999796 99
11.669999999999796 99
11.679999999999795 99
11.689999999999795 99
11.699999999999795 99
11.709999999999795 99
11.719999999999795 95
11.729999999999794 85
11.739999999999794 78
11.749999999999794 73
11.759999999999794 74
11.769999999999794 78
11.779999999999793 79
11.789999999999793 86
11.799999999999793 95
11.809999999999793 98
11.819999999999792 95
11.829999999999792 89
11.839999999999792 85
11.849999999999792 95
11.859999999999792 97
11.869999999999791 97
11.879999999999791 99
11.889999999999791 99
11.899999999999791 98
11.909999999999791 99
11.91999999999979 99
11.92999999999979 97
11.93999999999979 93
11.94999999999979 88
11.959999999999789 85
11.969999999999789 80
11.979999999999789 72
11.989999999999789 65
11.999999999999789 72
12.009999999999788 77
12.019999999999788 79
12.029999999999788 87
12.039999999999788 92
12.049999999999788 90
12.059999999999787 83
12.069999999999787 72
12.079999999999787 60
12.089999999999787 54
12.099999999999786 57
12.109999999999786 61
12.119999999999786 68
12.129999999999786 72
12.139999999999786 71
12.149999999999785 69
12.159999999999785 67
12.169999999999785 64
12.179999999999785 62
12.189999999999785 58
12.199999999999784 55
12.209999999999784 53
12.219999999999784 56
12.229999999999784 62
12.239999999999783 61
12.249999999999783 55
12.259999999999783 61
12.269999999999783 70
12.279999999999783 77
12.289999999999782 72
12.299999999999782 69
12.309999999999782 65
12.319999999999782 63
12.329999999999782 52
12.339999999999781 51
12.349999999999781 60
12.359999999999781 68
12.369999999999781 76
12.379999999999781 81
12.38999999999978 88
12.39999999999978 77
12.40999999999978 72
12.41999999999978 61
12.429999999999779 70
12.439999999999779 75
12.449999999999779 76
12.459999999999779 69
12.469999999999779 66
12.479999999999778 58
12.489999999999778 54
12.499999999999778 54
12.509999999999778 54
12.519999999999778 56
12.529999999999777 55
12.539999999999777 55
12.549999999999777 58
12.559999999999777 64
12.569999999999776 71
12.579999999999776 72
12.589999999999776 61
12.599999999999776 51
12.609999999999776 52
12.619999999999775 62
12.629999999999775 71
12.639999999999775 69
12.649999999999775 61
12.659999999999775 66
12.669999999999774 75
12.679999999999774 82
12.689999999999774 75
12.699999999999774 81
12.709999999999773 90
12.719999999999773 90
12.729999999999773 81
12.739999999999773 90
12.749999999999773 95
12.759999999999772 95
12.769999999999772 92
12.779999999999772 84
12.789999999999772 81
12.799999999999772 90
12.809999999999771 95
12.819999999999771 96
12.829999999999771 99
12.839999999999771 98
12.84999999999977 95
12.85999999999977 92
12.86999999999977 92
12.87999999999977 99
12.88999999999977 99
12.899999999999769 94
12.909999999999769 91
12.919999999999769 96
12.929999999999769 99
12.939999999999769 92
12.949999999999768 84
12.959999999999768 78
12.969999999999768 84
12.979999999999768 91
12.989999999999768 82
12.999999999999767 75
13.009999999999767 76
13.019999999999767 82
13.029999999999767 90
13.039999999999766 88
13.049999999999766 77
13.059999999999766 66
13.069999999999766 61
13.079999999999766 59
13.089999999999765 68
13.099999999999765 75
13.109999999999765 78
13.119999999999765 75
13.129999999999765 73
13.139999999999764 78
13.149999999999764 82
13.159999999999764 75
13.169999999999764 72
13.179999999999763 79
13.189999999999763 83
13.199999999999763 84
13.209999999999763 82
13.219999999999763 73
13.229999999999762 64
13.239999999999762 62
13.249999999999762 64
13.259999999999762 67
13.269999999999762 66
13.279999999999761 63
13.289999999999761 55
13.299999999999761 57
13.309999999999761 62
13.31999999999976 62
13.32999999999976 59
13.33999999999976 57
13.34999999999976 63
13.35999999999976 72
13.369999999999759 69
13.379999999999759 66
13.389999999999759 64
13.399999999999759 57
13.409999999999759 55
13.419999999999758 50
13.429999999999758 48
13.439999999999758 45
13.449999999999758 54
13.459999999999757 63
13.469999999999757 67
13.479999999999757 71
13.489999999999757 77
13.499999999999757 78
13.509999999999756 87
13.519999999999756 88
13.529999999999756 88
13.539999999999756 96
13.549999999999756 99
13.559999999999755 99
13.569999999999755 99
13.579999999999755 94
13.589999999999755 82
13.599999999999755 81
13.609999999999754 77
13.619999999999754 75
13.629999999999754 67
13.639999999999754 57
13.649999999999753 54
13.659999999999753 53
13.669999999999753 62
13.679999999999753 68
13.689999999999753 72
13.699999999999752 79
13.709999999999752 79
13.719999999999752 82
13.729999999999752 91
13.739999999999752 97
13.749999999999751 99
13.759999999999751 99
13.769999999999751 99
13.779999999999751 99
13.78999999999975 95
13.79999999999975 87
13.80999999999975 92
13.81999999999975 99
13.82999999999975 99
13.839999999999749 99
13.849999999999749 99
13.859999999999749 99
13.869999999999749 99
13.879999999999749 96
13.889999999999748 88
13.899999999999748 78
13.909999999999748 72
13.919999999999748 67
13.929999999999747 59
13.939999999999747 53
13.949999999999747 55
13.959999999999747 59
13.969999999999747 64
13.979999999999746 55
13.989999999999746 47
13.999999999999746 41
14.009999999999746 50
14.019999999999746 50
14.029999999999745 52
14.039999999999745 61
14.049999999999745 65
14.059999999999745 56
14.069999999999744 48
14.079999999999744 45
14.089999999999744 40
14.099999999999744 44
14.109999999999744 53
14.119999999999743 54
14.129999999999743 46
14.139999999999743 51
14.149999999999743 61
14.159999999999743 65
14.169999999999742 61
14.179999999999742 64
14.189999999999742 72
14.199999999999742 67
14.209999999999742 58
14.219999999999741 55
14.229999999999741 54
14.239999999999741 63
14.249999999999741 71
14.25999999999974 74
14.26999999999974 74
14.27999999999974 77
14.28999999999974 77
14.29999999999974 83
14.309999999999739 83
14.319999999999739 80
14.329999999999739 71
14.339999999999739 66
14.349999999999739 60
14.359999999999738 52
14.369999999999738 45
14.379999999999738 34
14.389999999999738 36
14.399999999999737 41
14.409999999999737 43
14.419999999999737 52
14.429999999999737 61
14.439999999999737 69
14.449999999999736 71
14.459999999999736 72
14.469999999999736 75
14.479999999999736 80
14.489999999999736 78
14.499999999999735 68
14.509999999999735 75
14.519999999999735 84
14.529999999999735 93
14.539999999999734 99
14.549999999999734 99
14.559999999999734 96
14.569999999999734 93
14.579999999999734 89
14.589999999999733 81
14.599999999999733 80
14.609999999999733 85
14.619999999999733 88
14.629999999999733 97
14.639999999999732 99
14.649999999999732 98
14.659999999999732 99
14.669999999999732 99
14.679999999999731 99
14.689999999999731 99
14.699999999999731 95
14.709999999999731 87
14.719999999999731 85
14.72999999999973 90
14.73999999999973 99
14.74999999999973 99
14.75999999999973 99
14.76999999999973 99
14.779999999999729 97
14.789999999999729 94
14.799999999999729 94
14.809999999999729 95
14.819999999999729 97
14.829999999999728 93
14.839999999999728 93
14.849999999999728 99
14.859999999999728 98
14.869999999999727 95
14.879999999999727 87
14.889999999999727 83
14.899999999999727 79
14.909999999999727 82
14.919999999999726 90
14.929999999999726 99
14.939999999999726 99
14.949999999999726 99
14.959999999999726 98
14.969999999999725 99
14.979999999999725 99
14.989999999999725 99
14.999999999999725 99
15.009999999999724 93
15.019999999999724 90
15.029999999999724 96
15.039999999999724 99
15.049999999999724 99
15.059999999999723 99
15.069999999999723 99
15.079999999999723 90
15.089999999999723 81
15.099999999999723 85
15.109999999999722 86
15.119999999999722 81
15.129999999999722 78
15.139999999999722 77
15.149999999999721 86
15.159999999999721 96
15.169999999999721 87
15.179999999999721 76
15.189999999999721 71
15.19999999999972 68
15.20999999999972 62
15.21999999999972 68
15.22999999999972 77
15.23999999999972 83
15.249999999999719 92
15.259999999999719 92
15.269999999999719 83
15.279999999999719 80
15.289999999999718 83
15.299999999999718 89
15.309999999999718 92
15.319999999999718 87
15.329999999999718 82
15.339999999999717 88
15.349999999999717 97
15.359999999999717 97
15.369999999999717 88
15.379999999999717 77
15.389999999999716 73
15.399999999999716 71
15.409999999999716 70
15.419999999999716 74
15.429999999999715 78
15.439999999999715 87
15.449999999999715 96
15.459999999999715 97
15.469999999999715 93
15.479999999999714 90
15.489999999999714 87
15.499999999999714 96
15.509999999999714 99
15.519999999999714 97
15.529999999999713 93
15.539999999999713 93
15.549999999999713 99
15.559999999999713 96
15.569999999999713 94
15.579999999999712 90
15.589999999999712 83
15.599999999999712 77
15.609999999999712 69
15.619999999999711 65
15.629999999999711 74
15.639999999999711 83
15.649999999999711 86
15.659999999999711 88
15.66999999999971 83
15.67999999999971 73
15.68999999999971 70
15.69999999999971 68
15.70999999999971 65
15.719999999999709 70
15.729999999999709 77
15.739999999999709 85
15.749999999999709 92
15.759999999999708 99
15.769999999999708 96
15.779999999999708 91
15.789999999999708 91
15.799999999999708 98
15.809999999999707 99
15.819999999999707 99
15.829999999999707 99
15.839999999999707 95
15.849999999999707 93
15.859999999999706 88
15.869999999999706 83
15.879999999999706 74
15.889999999999706 63
15.899999999999705 55
15.909999999999705 53
15.919999999999705 62
15.929999999999705 65
15.939999999999705 56
15.949999999999704 53
15.959999999999704 50
15.969999999999704 44
15.979999999999704 54
15.989999999999704 63
15.999999999999703 70
16.009999999999703 79
16.019999999999705 82
16.029999999999706 88
16.039999999999708 97
16.049999999999709 99
16.059999999999711 99
16.069999999999713 94
16.079999999999714 86
16.089999999999716 79
16.099999999999717 76
16.109999999999719 84
16.11999999999972 90
16.129999999999722 94
16.139999999999723 99
16.149999999999725 99
16.159999999999727 94
16.169999999999728 91
16.17999999999973 81
16.189999999999731 78
16.199999999999733 75
16.209999999999734 72
16.219999999999736 73
16.229999999999738 82
16.239999999999739 87
16.249999999999741 87
16.259999999999742 91
16.269999999999744 99
16.279999999999745 99
16.289999999999747 99
16.299999999999748 99
16.30999999999975 99
16.319999999999752 98
16.329999999999753 95
16.339999999999755 92
16.349999999999756 94
16.359999999999758 99
16.369999999999759 95
16.379999999999761 91
16.389999999999763 98
16.399999999999764 99
16.409999999999766 97
16.419999999999767 92
16.429999999999769 85
16.43999999999977 78
16.449999999999772 74
16.459999999999773 71
16.469999999999775 68
16.479999999999777 67
16.489999999999778 72
16.49999999999978 78
16.509999999999781 70
16.519999999999783 64
16.529999999999784 53
16.539999999999786 41
16.549999999999788 34
16.559999999999789 28
16.569999999999791 19
16.579999999999792 17
16.589999999999794 23
16.599999999999795 23
16.609999999999797 23
16.619999999999798 30
16.6299999999998 29
16.639999999999802 28
16.649999999999803 25
16.659999999999805 21
16.669999999999806 27
16.679999999999808 35
16.689999999999809 33
16.699999999999811 27
16.709999999999813 24
16.719999999999814 28
16.729999999999816 33
16.739999999999817 27
16.749999999999819 24
16.75999999999982 24
16.769999999999822 33
16.779999999999824 43
16.789999999999825 51
16.799999999999827 60
16.809999999999828 65
16.81999999999983 62
16.829999999999831 58
16.839999999999833 56
16.849999999999834 59
16.859999999999836 66
16.869999999999838 62
16.879999999999839 54
16.889999999999841 53
16.899999999999842 60
16.909999999999844 63
16.919999999999845 64
16.929999999999847 71
16.939999999999849 75
16.94999999999985 75
16.959999999999852 81
16.969999999999853 84
16.979999999999855 77
16.989999999999856 84
16.999999999999858 88
17.009999999999859 94
17.019999999999861 99
17.029999999999863 99
17.039999999999864 90
17.049999999999866 80
17.059999999999867 72
17.069999999999869 78
17.07999999999987 80
17.089999999999872 80
17.099999999999874 75
17.109999999999875 72
17.119999999999877 73
17.129999999999878 84
17.13999999999988 89
17.149999999999881 89
17.159999999999883 92
17.169999999999884 97
17.179999999999886 99
17.189999999999888 99
17.199999999999889 99
17.209999999999891 99
17.219999999999892 98
17.229999999999894 92
17.239999999999895 91
17.249999999999897 96
17.259999999999899 98
17.2699999999999 99
17.279999999999902 99
17.289999999999903 97
17.299999999999905 97
17.309999999999906 99
17.319999999999908 99
17.329999999999909 97
17.339999999999911 85
17.349999999999913 75
17.359999999999914 79
17.369999999999916 86
17.379999999999917 85
17.389999999999919 87
17.39999999999992 87
17.409999999999922 84
17.419999999999924 82
17.429999999999925 79
17.439999999999927 71
17.449999999999928 70
17.45999999999993 75
17.469999999999931 84
17.479999999999933 90
17.489999999999934 93
17.499999999999936 96
17.509999999999938 98
17.519999999999939 93
17.529999999999941 97
17.539999999999942 99
17.549999999999944 98
17.559999999999945 95
17.569999999999947 99
17.579999999999949 99
17.58999999999995 94
17.599999999999952 84
17.609999999999953 85
17.619999999999955 91
17.629999999999956 99
17.639999999999958 99
17.649999999999959 99
17.659999999999961 94
17.669999999999963 93
17.679999999999964 87
17.689999999999966 83
17.699999999999967 87
17.709999999999969 96
17.71999999999997 99
17.729999999999972 97
17.739999999999974 99
17.749999999999975 99
17.759999999999977 95
17.769999999999978 93
17.77999999999998 86
17.789999999999981 90
17.799999999999983 99
17.809999999999985 97
17.819999999999986 91
17.829999999999988 95
17.839999999999989 99
17.849999999999991 93
17.859999999999992 90
17.869999999999994 99
17.879999999999995 99
17.889999999999997 99
17.899999999999999 99
17.91 97
17.920000000000002 86
17.930000000000003 84
17.940000000000005 82
17.950000000000006 89
17.960000000000008 95
17.97000000000001 93
17.980000000000011 85
17.990000000000013 90
18.000000000000014 99
18.010000000000016 95
18.020000000000017 89
18.030000000000019 92
18.04000000000002 99
18.050000000000022 98
18.060000000000024 86
18.070000000000025 80
18.080000000000027 86
18.090000000000028 91
18.10000000000003 87
18.110000000000031 81
18.120000000000033 71
18.130000000000035 62
18.140000000000036 62
18.150000000000038 57
18.160000000000039 50
18.170000000000041 45
18.180000000000042 42
18.190000000000044 42
18.200000000000045 42
18.210000000000047 43
18.220000000000049 46
18.23000000000005 51
18.240000000000052 53
18.250000000000053 47
18.260000000000055 57
18.270000000000056 65
18.280000000000058 74
18.29000000000006 80
18.300000000000061 86
18.310000000000063 82
18.320000000000064 79
18.330000000000066 76
18.340000000000067 73
18.350000000000069 84
18.36000000000007 92
18.370000000000072 97
18.380000000000074 99
18.390000000000075 98
18.400000000000077 92
18.410000000000078 92
18.42000000000008 99
18.430000000000081 99
18.440000000000083 97
18.450000000000085 94
18.460000000000086 91
18.470000000000088 83
18.480000000000089 87
18.490000000000091 91
18.500000000000092 99
18.510000000000094 99
18.520000000000095 99
18.530000000000097 99
18.540000000000099 99
18.5500000000001 99
18.560000000000102 99
18.570000000000103 99
18.580000000000105 98
18.590000000000106 94
18.600000000000108 84
18.61000000000011 79
18.620000000000111 80
18.630000000000113 87
18.640000000000114 83
18.650000000000116 79
18.660000000000117 70
18.670000000000119 73
18.680000000000121 82
18.690000000000122 83
18.700000000000124 91
18.710000000000125 99
18.720000000000127 94
18.730000000000128 87
18.74000000000013 85
18.750000000000131 85
18.760000000000133 94
18.770000000000135 99
18.780000000000136 99
18.790000000000138 99
18.800000000000139 91
18.810000000000141 83
18.820000000000142 78
18.830000000000144 72
18.840000000000146 74
18.850000000000147 75
18.860000000000149 63
18.87000000000015 55
18.880000000000152 50
18.890000000000153 56
18.900000000000155 56
18.910000000000156 49
18.920000000000158 46
18.93000000000016 53
18.940000000000161 62
18.950000000000163 63
18.960000000000164 61
18.970000000000166 70
18.980000000000167 77
18.990000000000169 82
19.000000000000171 87
19.010000000000172 85
19.020000000000174 78
19.030000000000175 78
19.040000000000177 86
19.050000000000178 87
19.06000000000018 84
19.070000000000181 81
19.080000000000183 79
19.090000000000185 79
19.100000000000186 71
19.110000000000188 67
19.120000000000189 62
19.130000000000191 59
19.140000000000192 65
19.150000000000194 74
19.160000000000196 80
19.170000000000197 84
19.180000000000199 75
19.1900000000002 63
19.200000000000202 51
19.210000000000203 52
19.220000000000205 59
19.230000000000206 67
19.240000000000208 70
19.25000000000021 74
19.260000000000211 80
19.270000000000213 84
19.280000000000214 90
19.290000000000216 96
19.300000000000217 99
19.310000000000219 94
19.320000000000221 88
19.330000000000222 85
19.340000000000224 82
19.350000000000225 80
19.360000000000227 77
19.370000000000228 74
19.38000000000023 69
19.390000000000231 64
19.400000000000233 70
19.410000000000235 77
19.420000000000236 86
19.430000000000238 91
19.440000000000239 95
19.450000000000241 99
19.460000000000242 99
19.470000000000244 99
19.480000000000246 99
19.490000000000247 97
19.500000000000249 99
19.51000000000025 99
19.520000000000252 97
19.530000000000253 96
19.540000000000255 91
19.550000000000257 92
19.560000000000258 99
19.57000000000026 95
19.580000000000261 92
19.590000000000263 86
19.600000000000264 83
19.610000000000266 73
19.620000000000267 62
19.630000000000269 54
19.640000000000271 63
19.650000000000272 72
19.660000000000274 72
19.670000000000275 78
19.680000000000277 87
19.690000000000278 84
19.70000000000028 86
19.710000000000282 93
19.720000000000283 93
19.730000000000285 91
19.740000000000286 88
19.750000000000288 88
19.760000000000289 96
19.770000000000291 99
19.780000000000292 91
19.790000000000294 84
19.800000000000296 76
19.810000000000297 66
19.820000000000299 59
19.8300000000003 61
19.840000000000302 61
19.850000000000303 68
19.860000000000305 76
19.870000000000307 84
19.880000000000308 84
19.89000000000031 80
19.900000000000311 77
19.910000000000313 84
19.920000000000314 88
19.930000000000316 85
19.940000000000317 77
19.950000000000319 80
19.960000000000321 83
19.970000000000322 87
19.980000000000324 82
19.990000000000325 78
