0 1 1 1
0.050000000000000003 2 2 2
0.10000000000000001 2 2 2
0.15000000000000002 3 2 2
0.20000000000000001 3 3 2
0.25 3 3 3
0.29999999999999999 4 3 3
0.34999999999999998 4 4 3
0.39999999999999997 5 4 3
0.44999999999999996 5 4 4
0.49999999999999994 6 4 4
0.54999999999999993 6 2 4
0.59999999999999998 6 2 4
0.65000000000000002 7 2 4
0.70000000000000007 7 2 4
0.75000000000000011 7 2 1
0.80000000000000016 7 2 1
0.8500000000000002 7 2 1
0.90000000000000024 7 2 1
0.95000000000000029 1 2.5 1
1.0000000000000002 1 2.9 1
1.0500000000000003 1 2.9 1
1.1000000000000003 1 2.9 1
1.1500000000000004 1 2.9 1
1.2000000000000004 1 2.9 1
1.2500000000000004 1 2.9 1
1.3000000000000005 2 2.9 1
1.3500000000000005 2 2.9 1
1.4000000000000006 2 1 1
1.4500000000000006 2 1 1
1.5000000000000007 2 1 2
1.5500000000000007 2 1 2
1.6000000000000008 2 1 2
1.6500000000000008 2 2 2
1.7000000000000008 2 2 2
1.7500000000000009 2 2 2
1.8000000000000009 2 2 2.5
1.850000000000001 2 2 2.9
1.900000000000001 2 2 2.9
1.9500000000000011 1 2.5 2.9
2.0000000000000009 1 2.9 2.9
2.0500000000000007 1 2.9 2.9
2.1000000000000005 1 2.9 2.9
2.1500000000000004 1 2.9 2.9
2.2000000000000002 2 2.9 2.9
2.25 2 2.9 2.9
2.2999999999999998 2 2.9 2.9
2.3499999999999996 2 2.9 1
2.3999999999999995 2 2.9 1
2.4499999999999993 2.5 1 1
2.4999999999999991 2.5 1 1
2.5499999999999989 2.5 1 1
2.5999999999999988 2.5 1 1
2.6499999999999986 3.24483 1 1
2.6999999999999984 3.24483 2 1
2.7499999999999982 3.55301 2 1
2.799999999999998 3.55301 2 1
2.8499999999999979 3.55301 2 1
2.8999999999999977 3.55301 2 1
2.9499999999999975 3.55301 2.5 1
2.9999999999999973 3.55301 2.9 1
3.0499999999999972 3.55301 2.9 1
3.099999999999997 3.55301 3.24483 1
3.1499999999999968 3.55301 3.24483 1
3.1999999999999966 1 3.55301 1
3.2499999999999964 1 3.55301 1
3.2999999999999963 1 3.83446 1
3.3499999999999961 1 4.09525 1
3.3999999999999959 2 4.09525 1
3.4499999999999957 2 4.33944 1
3.4999999999999956 2 4.33944 1
3.5499999999999954 2 4.56988 1
3.5999999999999952 2 4.56988 1
3.649999999999995 2 4.56988 2
3.6999999999999948 2 4.78871 2
3.7499999999999947 2 4.99753 2
3.7999999999999945 2 4.99753 2
3.8499999999999943 2 5.19763 2
3.8999999999999941 2 5.19763 2
3.949999999999994 2 5.19763 2.5
3.9999999999999938 2 5.19763 2.5
4.0499999999999936 2 5.19763 2.9
4.0999999999999934 2 5.19763 2.9
4.1499999999999932 2 5.19763 2.9
4.1999999999999931 2 5.19763 2.9
4.2499999999999929 2 1 2.9
4.2999999999999927 1 1 2.9
4.3499999999999925 1 1 2.9
4.3999999999999924 1 2 2.9
4.4499999999999922 2 2 2.9
4.499999999999992 2 2 2.9
4.5499999999999918 2 2.5 2.9
4.5999999999999917 2 2.5 2.9
4.6499999999999915 2.5 2.5 2.9
4.6999999999999913 2.9 2.5 1
4.7499999999999911 2.9 2.5 1
4.7999999999999909 2.9 2.5 1
4.8499999999999908 3.24483 2.5 1
4.8999999999999906 3.55301 2.5 1
4.9499999999999904 3.55301 2.5 1
4.9999999999999902 3.55301 2.5 2
5.0499999999999901 3.55301 2.5 2
5.0999999999999899 3.55301 2.5 2
5.1499999999999897 4.09525 2.5 2
5.1999999999999895 4.09525 2.5 2
5.2499999999999893 4.09525 2.5 2.5
5.2999999999999892 4.09525 2.5 2.9
5.349999999999989 4.09525 1 2.9
5.3999999999999888 4.09525 1 2.9
5.4499999999999886 1 1 2.9
5.4999999999999885 1 1 2.9
5.5499999999999883 1 1 2.9
5.5999999999999881 1 1 2.9
5.6499999999999879 1 2 2.9
5.6999999999999877 1 2 2.9
5.7499999999999876 2 2 2.9
5.7999999999999874 2 2 2.9
5.8499999999999872 2 2.5 2.9
5.899999999999987 2 2.5 2.9
5.9499999999999869 2.5 2.5 2.9
5.9999999999999867 2.9 2.5 2.9
6.0499999999999865 2.9 2.9 2.9
6.0999999999999863 2.9 3.24483 1
6.1499999999999861 2.9 3.24483 1
6.199999999999986 2.9 3.55301 1
6.2499999999999858 3.24483 3.55301 1
6.2999999999999856 3.55301 3.55301 1
6.3499999999999854 3.55301 3.55301 1
6.3999999999999853 3.55301 3.55301 2
6.4499999999999851 3.55301 3.55301 2
6.4999999999999849 3.83446 3.55301 2
6.5499999999999847 4.09525 3.55301 2
6.5999999999999845 4.33944 3.55301 2
6.6499999999999844 4.33944 3.55301 2
6.6999999999999842 4.33944 3.55301 2.5
6.749999999999984 4.33944 3.55301 2.9
6.7999999999999838 4.33944 3.55301 2.9
6.8499999999999837 4.33944 3.55301 2.9
6.8999999999999835 4.78871 1 2.9
6.9499999999999833 4.99753 1 2.9
6.9999999999999831 4.99753 1 2.9
7.0499999999999829 4.99753 1 2.9
7.0999999999999828 4.99753 1 2.9
7.1499999999999826 4.99753 1 2.9
7.1999999999999824 4.99753 2 2.9
7.2499999999999822 4.99753 2 2.9
7.2999999999999821 4.99753 2 2.9
7.3499999999999819 4.99753 2 2.9
7.3999999999999817 4.99753 2.5 2.9
7.4499999999999815 4.99753 2.5 2.9
7.4999999999999813 1 2.5 2.9
7.5499999999999812 1 2.5 2.9
7.599999999999981 1 2.9 2.9
7.6499999999999808 1 3.24483 1
7.6999999999999806 1 3.24483 1
7.7499999999999805 1 3.55301 1
7.7999999999999803 2 3.55301 1
7.8499999999999801 2 3.55301 1
7.8999999999999799 2 3.55301 2
7.9499999999999797 2 3.83446 2
7.9999999999999796 2 4.09525 2
8.0499999999999794 2 4.09525 2
8.0999999999999801 2.5 4.09525 2
8.1499999999999808 2.5 4.09525 2
8.1999999999999815 2.5 4.09525 2
8.2499999999999822 2.5 4.09525 2
8.2999999999999829 2.9 4.09525 2
8.3499999999999837 2.9 4.09525 2
8.3999999999999844 3.24483 4.09525 2
8.4499999999999851 3.24483 1 2
8.4999999999999858 3.24483 1 2
8.5499999999999865 3.55301 1 2
8.5999999999999872 3.55301 1 2
8.6499999999999879 3.55301 2 2
8.6999999999999886 3.55301 2 2
8.7499999999999893 3.55301 2 2
8.7999999999999901 1 2 2
8.8499999999999908 1 2.5 2
8.8999999999999915 1 2.5 2
8.9499999999999922 1 2.5 2
8.9999999999999929 2 2.5 2
9.0499999999999936 2 2.5 2
9.0999999999999943 2 2.9 2
9.149999999999995 2 2.9 2
9.1999999999999957 2 3.24483 2
9.2499999999999964 2 3.24483 2
9.2999999999999972 2.9 3.24483 2
9.3499999999999979 2.9 3.24483 2
9.3999999999999986 2.9 3.24483 2
9.4499999999999993 3.24483 3.24483 2
9.5 3.55301 3.24483 2
9.5500000000000007 3.55301 3.24483 2
9.6000000000000014 3.55301 3.24483 2
9.6500000000000021 3.83446 3.24483 1
9.7000000000000028 4.33944 3.24483 1
9.7500000000000036 4.33944 3.24483 1
9.8000000000000043 4.56988 3.24483 1
9.850000000000005 4.56988 1 1
9.9000000000000057 4.78871 1 2
9.9500000000000064 4.99753 1 2
10.000000000000007 5.19763 1 2
10.050000000000008 5.39003 1 2
10.100000000000009 5.57555 1 2
10.150000000000009 5.75491 1 2
10.20000000000001 6.09735 1 2
10.250000000000011 6.09735 1 2
10.300000000000011 6.42106 1 2
10.350000000000012 6.5768 1 2
10.400000000000013 6.72885 1 2
10.450000000000014 7.02286 1 2
10.500000000000014 7.16526 1 2
10.550000000000015 7.30482 1 2
10.600000000000016 7.30482 1 2
10.650000000000016 7.30482 1 2
10.700000000000017 1 1 2
10.750000000000018 1 1 2
10.800000000000018 1 1 2
10.850000000000019 1 1 2
10.90000000000002 1 1 2
10.950000000000021 2 1 2
11.000000000000021 2 1 2
11.050000000000022 3 1 2
11.100000000000023 3.33333 1 2
11.150000000000023 3.33333 1 2
11.200000000000024 3.90856 1 2
11.250000000000025 4.16441 1 2
11.300000000000026 4.16441 1 2
11.350000000000026 4.40454 2 2
11.400000000000027 4.63158 2 2
11.450000000000028 4.84749 2 2
11.500000000000028 5.05378 2 2
11.550000000000029 5.05378 2.5 2
11.60000000000003 5.05378 2.5 2
11.650000000000031 5.05378 2.5 2
11.700000000000031 5.05378 2.5 2
11.750000000000032 1 2.5 2
11.800000000000033 1 2.5 2
11.850000000000033 1 2.5 2
11.900000000000034 1 2.5 2
11.950000000000035 1 2.5 2
12.000000000000036 2 2.5 2
12.050000000000036 2 2.5 2
12.100000000000037 2 2.5 2
12.150000000000038 2.5 2.5 2
12.200000000000038 2.9 2.5 2
12.250000000000039 2.9 2.5 2
12.30000000000004 3.24483 2.5 2
12.350000000000041 3.55301 2.5 2
12.400000000000041 3.55301 2.5 2
12.450000000000042 4.09525 2.5 2
12.500000000000043 4.33944 2.5 2
12.550000000000043 4.33944 2.5 2
12.600000000000044 4.78871 2.5 2
12.650000000000045 4.99753 2.5 2
12.700000000000045 5.19763 2.5 2
12.750000000000046 5.39003 2.5 2
12.800000000000047 5.75491 2.5 2
12.850000000000048 5.75491 2.5 2
12.900000000000048 6.09735 2.5 2
12.950000000000049 6.26135 2.5 2
13.00000000000005 6.42106 2.5 2
13.05000000000005 6.5768 2.5 2
13.100000000000051 6.72885 2.5 2
13.150000000000052 6.72885 2.5 2
13.200000000000053 6.72885 2.5 2
13.250000000000053 1 2.5 2
13.300000000000054 1 2.5 2
13.350000000000055 1 2.5 2
13.400000000000055 1 2.5 1
13.450000000000056 2 2.5 1
13.500000000000057 2 2.5 1
13.550000000000058 2 2.5 1
13.600000000000058 3 2.5 2
13.650000000000059 3.33333 2.5 2
13.70000000000006 3.33333 2.5 2
13.75000000000006 3.33333 2.5 2
13.800000000000061 3.33333 2.5 2.5
13.850000000000062 3.33333 2.5 2.5
13.900000000000063 3.90856 2.5 2.5
13.950000000000063 4.16441 2.5 2.5
14.000000000000064 4.16441 2.5 2.5
14.050000000000065 4.40454 2.5 2.5
14.100000000000065 4.40454 2.5 2.5
14.150000000000066 4.40454 1 2.5
14.200000000000067 1 1 2.5
14.250000000000068 1 1 2.5
14.300000000000068 1 1 2.5
14.350000000000069 1 2 2.5
14.40000000000007 2 2 2.5
14.45000000000007 2 2 2.5
14.500000000000071 2 2.5 2.5
14.550000000000072 2 2.5 2.5
14.600000000000072 2.9 2.5 2.5
14.650000000000073 2.9 2.5 2.5
14.700000000000074 2.9 2.9 2.5
14.750000000000075 2.9 3.24483 2.5
14.800000000000075 2.9 3.24483 2.5
14.850000000000076 2.9 3.55301 2.5
14.900000000000077 3.55301 3.55301 2.5
14.950000000000077 3.55301 3.55301 2.5
15.000000000000078 3.55301 3.83446 2.5
15.050000000000079 3.55301 4.09525 2.5
15.10000000000008 3.55301 4.09525 2.5
15.15000000000008 3.55301 4.33944 2.5
15.200000000000081 3.83446 4.33944 2.5
15.250000000000082 3.83446 4.33944 2.5
15.300000000000082 3.83446 4.33944 2.5
15.350000000000083 3.83446 4.33944 2.5
15.400000000000084 1 4.33944 2.5
15.450000000000085 1 4.33944 2.5
15.500000000000085 1 4.33944 2.5
15.550000000000086 1 4.33944 2.5
15.600000000000087 2 4.33944 2.5
15.650000000000087 2 1 2.5
15.700000000000088 2 1 2.5
15.750000000000089 2 1 2.5
15.80000000000009 2.5 1 2.5
15.85000000000009 2.9 1 2.5
15.900000000000091 2.9 2 2.5
15.950000000000092 2.9 2 2.5
16.000000000000092 3.24483 2 2.5
16.050000000000093 3.24483 2 2.5
16.100000000000094 3.24483 2.5 2.5
16.150000000000095 3.24483 2.9 2.5
16.200000000000095 3.24483 2.9 2.5
16.250000000000096 3.24483 2.9 2.5
16.300000000000097 3.24483 2.9 2.5
16.350000000000097 3.24483 3.24483 2.5
16.400000000000098 1 3.55301 2.5
16.450000000000099 1 3.55301 2.5
16.500000000000099 1 3.55301 2.5
16.5500000000001 2 3.55301 2.5
16.600000000000101 2 3.55301 2.5
16.650000000000102 2.5 3.55301 2.5
16.700000000000102 2.9 3.55301 2.5
16.750000000000103 3.24483 3.55301 2.5
16.800000000000104 3.55301 3.55301 2.5
16.850000000000104 4.09525 1 2.5
16.900000000000105 4.09525 1 2.5
16.950000000000106 4.33944 1 2.5
17.000000000000107 4.33944 2 2.5
17.050000000000107 4.78871 2 2.5
17.100000000000108 4.99753 2 2.5
17.150000000000109 5.19763 2 2.5
17.200000000000109 5.19763 2 2.5
17.25000000000011 5.19763 2.5 2.5
17.300000000000111 5.39003 2.9 2.5
17.350000000000112 5.57555 2.9 2.5
17.400000000000112 5.75491 2.9 2.5
17.450000000000113 6.09735 2.9 2.5
17.500000000000114 6.09735 2.9 2.5
17.550000000000114 6.42106 2.9 2.5
17.600000000000115 6.5768 2.9 2.5
17.650000000000116 6.72885 2.9 2.5
17.700000000000117 7.02286 2.9 2.5
17.750000000000117 7.02286 2.9 2.5
17.800000000000118 7.30482 2.9 2.5
17.850000000000119 7.30482 2.9 2.5
17.900000000000119 7.30482 2.9 2.5
17.95000000000012 1 2.9 2.5
18.000000000000121 1 2.9 2.5
18.050000000000122 1 2.9 2.5
18.100000000000122 1 2.9 2.5
18.150000000000123 2 2.9 2.5
18.200000000000124 2 1 2.5
18.250000000000124 2 1 2.5
18.300000000000125 3.33333 1 2.5
18.350000000000126 3.33333 2 2.5
18.400000000000126 3.33333 2 2.5
18.450000000000127 3.90856 2 2.5
18.500000000000128 4.16441 2 2.5
18.550000000000129 4.16441 2 2.5
18.600000000000129 4.16441 2.5 2.5
18.65000000000013 4.16441 2.9 2.5
18.700000000000131 4.40454 2.9 2.5
18.750000000000131 4.40454 2.9 2.5
18.800000000000132 4.40454 2.9 2.5
18.850000000000133 4.40454 2.9 2.5
18.900000000000134 1 2.9 2.5
18.950000000000134 1 2.9 2.5
19.000000000000135 1 2.9 2.5
19.050000000000136 1 2.9 2.5
19.100000000000136 2 1 2.5
19.150000000000137 2 1 2.5
19.200000000000138 2 1 2.5
19.250000000000139 2 1 2.5
19.300000000000139 2 2 2.5
19.35000000000014 2.9 2 2.5
19.400000000000141 2.9 2 2.5
19.450000000000141 2.9 2 2.5
19.500000000000142 2.9 2.5 2.5
19.550000000000143 2.9 2.9 2.5
19.600000000000144 3.24483 2.9 2.5
19.650000000000144 3.55301 2.9 2.5
19.700000000000145 3.55301 2.9 2.5
19.750000000000146 3.55301 2.9 2.5
19.800000000000146 3.83446 2.9 2.5
19.850000000000147 3.83446 2.9 2.5
19.900000000000148 3.83446 2.9 2.5
19.950000000000149 3.83446 2.9 2.5
